.Random.seed <-
c(403L, 436L, 1652568524L, 1490227138L, 1370879814L, -1419360814L, 
-185232849L, -1169824109L, -978067715L, 536831866L, -515918652L, 
2130128994L, -203492851L, 856223861L, -537526012L, -1121824866L, 
620984552L, -2017804409L, -199746494L, 1897339460L, -234052109L, 
-769746899L, 1999708735L, 649252443L, -1929954309L, -763737901L, 
-1201375930L, 1535383839L, -866381776L, 712727974L, 956024571L, 
-1635643876L, -1110101177L, 1970493339L, 1562862977L, -651398523L, 
920349334L, -786857433L, -752267511L, 268915054L, -1248068715L, 
2079239922L, -575054476L, -877583238L, 1314827590L, -305188698L, 
-1206923746L, -299370749L, 1314826762L, -597335375L, 290078873L, 
1278631786L, 1349086186L, 1343011080L, 499113842L, -1245918552L, 
-97591331L, -1737921981L, 762757279L, -900032796L, -211511530L, 
1303625208L, 550024698L, -1830415288L, -461689541L, -1829405474L, 
-644744180L, -263852989L, -103662434L, -734193431L, 639686889L, 
1441171966L, -780668215L, -1388292662L, -1410189993L, -200441400L, 
-1853630853L, -169170995L, -1783626871L, -2007791133L, -1852400273L, 
972362157L, 436521144L, -1904684997L, 29631159L, 1312866845L, 
1267191526L, 1129427046L, 422026945L, -1747435112L, 1136313951L, 
-1328209168L, -1486040603L, -697256537L, 2122978277L, -886908919L, 
-1528100797L, 1918553685L, -331189960L, 108945923L, 1663176501L, 
379197853L, 1955350365L, -1529710137L, 162314972L, 1899982363L, 
1039819540L, -325487096L, -1624228508L, 336855514L, 1259028358L, 
-907771735L, -940886414L, 389886768L, 1726313461L, -357352148L, 
1870988517L, -1494338615L, -1256030550L, 1854004872L, -1273142820L, 
-379479535L, 117290718L, 477883671L, -970037187L, -615133249L, 
752340767L, -1353815141L, -1190465751L, 1032894930L, -611361887L, 
2066697844L, -852782472L, -1783417417L, 33294496L, 2131247248L, 
1316411203L, -1352708240L, 781170380L, 1369879963L, -2046748380L, 
-155812682L, -740657765L, -1690069847L, -1377329333L, 489365304L, 
644495123L, -1965640183L, -1460599252L, 1684581757L, -1660055239L, 
1286585393L, -329524937L, -545850468L, -1993300242L, 1261863325L, 
1732697310L, -790417304L, -149306454L, 272866685L, -845791511L, 
-859793730L, -1377482852L, 199194888L, 532161088L, -2045283270L, 
-1025750631L, 196082992L, 1438841284L, -806301951L, -1035811773L, 
1020668899L, 1864564235L, 62463611L, -422994172L, 273884082L, 
-1904005224L, -1439049554L, -546154780L, 849270589L, 1522398174L, 
19185780L, 1772417783L, -1590344122L, -835336957L, 1903422991L, 
-1228789696L, -727643737L, -1952240907L, 1664945426L, -1350130865L, 
2031447516L, 1852999474L, 1221688621L, -461952452L, 241192873L, 
585364630L, 580824010L, 1096321484L, -511032109L, -1479395487L, 
-865065243L, -1471346561L, -933713834L, 297360715L, 557347577L, 
-1969187203L, 1123874517L, 1906249394L, -1768136231L, -94423084L, 
1254251783L, 1183872929L, -1058563374L, -1669192561L, -1128634415L, 
2143779166L, 1837442528L, 957798290L, 1037459943L, -437051528L, 
-1571049659L, -398641828L, 935629361L, -640196350L, 1095377460L, 
-1516586022L, 280378973L, -463563616L, -1789907911L, -701425164L, 
935647578L, 661043873L, 1159703023L, -550323735L, -236920189L, 
1536024952L, -1635018384L, -1734217895L, -1397742099L, 890131909L, 
1564735727L, -224526507L, -2111281545L, 878936365L, 2095739567L, 
410397123L, 167418183L, 712851821L, -55374060L, -688377001L, 
-1857414270L, 1501026791L, 1992252693L, -827493649L, 2005295544L, 
-618598167L, -859626638L, 112738641L, -901408881L, -12343584L, 
-2111003231L, -1924735501L, 928182935L, -163120540L, 428793660L, 
-578513970L, -935294716L, 1123986149L, 1757364297L, -451908974L, 
1862612268L, -620644972L, -1326090136L, -1577734159L, 402246100L, 
1636249653L, 417656101L, -84013630L, -335038883L, -1127744306L, 
-1691037634L, -1275453504L, 476550204L, -572161682L, -1389815869L, 
1583956140L, 2116531221L, 1758323745L, 1751478492L, -172883192L, 
1368939101L, 1926581093L, -1527630116L, -2142217225L, 191323142L, 
-2010564139L, 416125368L, 1706625023L, -2098475720L, -2141889351L, 
-83506938L, 1603334405L, -1390525477L, -779710321L, -702167588L, 
148528765L, 726802855L, -453903236L, 1256083124L, 1821591991L, 
387997699L, 1153436028L, -184926151L, -1808256404L, 1788892285L, 
1380935224L, -1286730761L, 1289990683L, 1157700172L, 1392561650L, 
-57883522L, 1250750377L, -1085679781L, -224129768L, -448104508L, 
-447266289L, -1585013083L, -1794888453L, -1810497921L, 1728171762L, 
1802813262L, 900214022L, -2082152394L, 1054795440L, 1541318625L, 
-479281355L, -1912516830L, 1247746363L, 2099969923L, -991148323L, 
221868873L, 868148265L, 709875332L, -1851323136L, -949338457L, 
1491796238L, 1308104978L, 437169648L, 484863309L, -364848531L, 
1170753738L, 1304399355L, -509242089L, 229225648L, -2112558327L, 
1692506476L, -238286508L, -1995561581L, -1205706374L, -1552546768L, 
1102457199L, -1670221017L, 45711052L, 1628678331L, -1888855715L, 
-517809787L, -1119689418L, -761849031L, -1961806849L, 2111334740L, 
-1931419734L, -1886159727L, 1490248190L, -169697974L, 1103036257L, 
-164413112L, 1687777005L, -1377713575L, 616341028L, 2087022402L, 
385083925L, 277251184L, -24100231L, 2094817066L, -586822436L, 
-903153829L, 1100005319L, 1493538666L, -638206358L, 1912671170L, 
953395165L, 1394636480L, 805780289L, 1553423107L, 1685636742L, 
1999672787L, 1096420808L, -703542125L, 1694669241L, -2128635246L, 
129973077L, -287934142L, -2037688891L, 1577328319L, 597362881L, 
-518743416L, 460366834L, 965388912L, -368133137L, -835726946L, 
854689746L, -587876816L, -816526787L, -1054831664L, -1917030490L, 
-417068773L, -1855483840L, 101169515L, -1544092413L, 82691225L, 
-1197724983L, 941207803L, 1539200679L, 1639339000L, 2079229432L, 
699171963L, -68326497L, 1480612795L, 283849330L, 559488459L, 
-1933715691L, 988391055L, -1600871901L, -1123578344L, -34682322L, 
113344832L, -1454756296L, -1964843905L, 1143032595L, 534379204L, 
-566810539L, 272179384L, 1322666686L, 142038475L, -118994020L, 
1102791333L, -1154078384L, 530149891L, 1375750471L, -498969735L, 
-633118750L, 1916764146L, 628647370L, -1520551837L, 1418581382L, 
1870350630L, -591639763L, -1878664442L, 493977982L, 242691317L, 
-894510019L, -2143133317L, 2073069475L, -811303936L, -28125953L, 
2143816059L, -1916678986L, 913216541L, -1464335476L, 1100494238L, 
-431792602L, -1203438365L, -1044844025L, -1123643084L, 1206503012L, 
1330281131L, -559121910L, 415014011L, -65187039L, -376922203L, 
-428181504L, 71388997L, 1104084211L, -525791215L, 112159990L, 
175999499L, 852808726L, -745380087L, -496536993L, -794041355L, 
-851170997L, -1090979878L, 576158721L, 931546054L, -1012364548L, 
166679932L, 976862004L, -1802998182L, -954245189L, 1422299354L, 
1295658114L, -303829096L, -1590418822L, -1128311344L, 2123813640L, 
-1127435177L, -529303715L, -307655900L, -1879916206L, -1456806139L, 
1625789588L, 2096114938L, -1282133016L, 1297711193L, 321284651L, 
1317017712L, 1195998955L, -2122439493L, -876157684L, 1035846449L, 
1917563325L, -433250320L, 201079141L, 1677152510L, -400100712L, 
1953003143L, -1145989141L, 150092728L, 2067157714L, 435379560L, 
1583643956L, 1053076808L, 961087849L, -751456930L, 70099879L, 
1697259846L, -1257725286L, 1142038470L, 1902435945L, 428425963L, 
-480773631L, 1024181447L, 1467106863L, 1757081949L, -453669671L, 
-132624029L, -919554491L, -1773070309L, 595128847L, -1596190540L, 
1003102406L, 1149261447L, 638742912L, 536138326L, -152430645L, 
-1787866324L, 668511204L, 1438926344L, -89180054L, 529977631L, 
-594072708L, 179759527L, 664298155L, -1706290505L, -1419900741L, 
907793843L, -1141135404L, -119219195L, 581402813L, 1209338723L, 
-1882443827L, 1961689870L, -229428606L, -1954165120L, 849048287L, 
1403837858L, 1483091037L, -955573793L, -1831577599L, 1559428371L, 
1628068049L, 162129478L, 1451214665L, 1882231408L, -1988780890L, 
-1776563947L, -1973169036L, 1786350014L, 494480111L, 799250589L, 
-1382219177L, 1452455530L, 1239607885L, 163431573L, -351881396L, 
-1289105900L, 1439212021L, -1521947052L, -108095711L, -986212176L, 
