.Random.seed <-
c(403L, 380L, 924217937L, -392108726L, -161709328L, 297383177L, 
1135591898L, 449547507L, -359447377L, -666412918L, -779151276L, 
-1818295082L, -709657757L, 346066037L, -1443118797L, 530712040L, 
1093223562L, -1867747004L, -387159236L, -103061802L, -2019462534L, 
409477598L, -274681289L, 1703069656L, -2068563758L, 2105938441L, 
196787108L, -1702369339L, 1081183275L, 1047062268L, -1995893018L, 
431904573L, 1600647898L, -685477157L, 898682921L, -127924225L, 
-486086600L, 2034679914L, 1571712620L, 254759648L, -616783329L, 
-1114919881L, 362078906L, 1101333054L, -160938065L, -86297014L, 
1383080816L, -50665444L, 245136L, 755091464L, -891576102L, 1773320226L, 
1649975004L, -37615299L, 1247572976L, -674170790L, -1091048202L, 
-1427337651L, -1860048980L, 287276508L, 1662881853L, -1676775135L, 
-2084964477L, 159716752L, 1917452163L, 825714879L, 968012714L, 
298897978L, -1439097078L, 628947863L, -676558410L, 1048464069L, 
1880120474L, -340052710L, 884318600L, -1997404167L, 708837139L, 
-2084124937L, -1305485291L, 539219806L, -1782917548L, -1308586446L, 
-1433811761L, -684311704L, -139319206L, 328679238L, 1501383008L, 
1796140160L, 534962215L, -1060195668L, -225763054L, -1617889880L, 
1225504281L, -310906769L, 1692560546L, 1916104795L, -1170991975L, 
30497795L, -1003681469L, -1017412944L, -941895786L, -2132759342L, 
1982813492L, 2046092590L, 1809480929L, -46186660L, 580918050L, 
476033197L, 1399640889L, -1550834882L, 1240836508L, -1129350758L, 
1411833488L, -2078642232L, 186415684L, -1029481760L, 1150437133L, 
749445308L, -1185652254L, -2129722134L, -332314066L, 674026517L, 
989132460L, 969635833L, -1857067036L, -686881048L, 41438838L, 
-91609662L, 96929122L, 1509024887L, -475947017L, 1131266973L, 
-2039139301L, -867370622L, 450703230L, 209387127L, 965462396L, 
835406132L, 827431220L, 1775087637L, -1702331402L, -1989238539L, 
-452294840L, 1295055416L, -1670111004L, -211961324L, 406564180L, 
2035412819L, -379339012L, -546244330L, 1597150917L, -95515524L, 
1215103282L, 476177839L, -1277474992L, -435890464L, -864821887L, 
-898978200L, 573429185L, -708402802L, 248759284L, -728833135L, 
-184375655L, 1352304631L, -486845797L, -20397076L, -885443980L, 
668885220L, 1440036476L, 480451052L, -1954021194L, -1727801544L, 
-558918956L, -1943772064L, -287974554L, -1147813092L, 1169043886L, 
517802171L, -1696811643L, -258847060L, -206895289L, -394563119L, 
-1080222757L, -1285569085L, 1942542590L, -47023935L, 254102831L, 
-93429412L, 1964192389L, -2028396103L, 575335491L, 1902732235L, 
-1732901921L, 829632777L, -880826445L, -843018363L, 685636924L, 
720791769L, -1810900580L, 1035039041L, -1231730636L, -1742872128L, 
-206188461L, 740431711L, 305229835L, -773644519L, 1102929402L, 
700217783L, 364758712L, 1288042318L, -1306660018L, 103531652L, 
-87590841L, -1968195739L, -1409041563L, -1061164128L, 1143019136L, 
1858857752L, 1991310637L, 2069496430L, -282792359L, 1316054589L, 
-1129957292L, -446821920L, 318706495L, 111100661L, -1215781759L, 
2118137810L, -931616351L, 235271327L, 1039380364L, -1387450207L, 
1805764661L, 565772698L, 437954835L, -973864314L, -2131826990L, 
-1164838764L, 1041318034L, -1098009159L, 850656193L, -1026587165L, 
352202588L, -1777765783L, -1599188455L, 1552633923L, -1888462682L, 
1942932789L, -326521661L, -2042806262L, -1576597970L, 2122498571L, 
-1407462535L, 362221114L, -1750985211L, 623750939L, 1762957455L, 
29729494L, 532916789L, -1593754392L, -463457652L, 1677868289L, 
879845454L, 2057315209L, 1959876053L, -1271620904L, 1498029206L, 
-544730368L, 758901467L, -1960425187L, 1661810520L, 625134257L, 
1464612342L, 1075990882L, -805938829L, -608368782L, 1026082826L, 
1065371142L, 998264304L, -338443156L, -1317923946L, -1084393919L, 
562239684L, 1967633871L, -442068708L, -1991715952L, 1520080467L, 
-532890584L, -882658226L, -1980056544L, -2125029680L, -734491307L, 
-906824100L, 47043980L, -1057750827L, -689827444L, -100198660L, 
-721906645L, 1843614000L, -781364751L, 133246602L, -1632105906L, 
-516590806L, -237687124L, 957931773L, 573784749L, -1380435553L, 
886737205L, 230453534L, 1660693359L, 858250496L, 1874920703L, 
1185554877L, -859798760L, 960271123L, -1075206505L, -366140174L, 
-1352845293L, -2089088259L, -732751179L, 1924585981L, 494313609L, 
799352551L, -1011534651L, 953110910L, -1334605927L, 1739088556L, 
1823548972L, -551569747L, -34427678L, -608122088L, -1952146630L, 
-1724593585L, -666304549L, 307113725L, -1522489884L, -213418252L, 
-2078411070L, 439266552L, -481550878L, 2007382899L, -778424303L, 
53994518L, 1915277133L, 1755456072L, 426083126L, -1829491192L, 
528762407L, -1991648366L, -782272583L, -61042839L, -1861910882L, 
801375520L, 1564763905L, 1103996030L, 2045227763L, -1926390325L, 
1133661748L, 2143551226L, -702920013L, -1222372454L, 2047396822L, 
-691950719L, -303788921L, 536642528L, -1273182644L, 1992679636L, 
-1363958388L, -1526830895L, -1928614294L, 884033469L, -1310994605L, 
312834915L, 2058449862L, 590973533L, 1912740199L, 447974769L, 
-1280367684L, -1019867060L, 1937211961L, -1562108921L, 1113727754L, 
118129967L, 1879443368L, -410648828L, -762090301L, -1554271223L, 
-2143457710L, 1856394185L, -1080592610L, -1298898392L, 35539489L, 
1296446341L, -1972259585L, 2084663821L, -1148057993L, 2079290330L, 
-713918632L, -998379981L, -1904417250L, 1835767269L, 590195910L, 
1245692777L, -354784809L, 1073117910L, -1015443617L, 1266840284L, 
1238149425L, 64964856L, -1034867319L, 2100795156L, -1661633550L, 
115413832L, 2050919724L, 710805181L, -1003851140L, -1855445311L, 
-1852071776L, -1781372914L, -1797695549L, 1780731894L, 736984250L, 
-1174682449L, -1146737500L, 226263893L, 1671190902L, 1381580524L, 
529815853L, -1843486888L, 1869057603L, -142357659L, -1077301313L, 
-8202950L, -437678631L, -207186652L, -225847000L, 80765599L, 
-2069474530L, 1582843567L, 422143366L, 387501551L, -1721933768L, 
190401268L, 1697425511L, -205049470L, -755519456L, -1428942047L, 
-1980207273L, 611993187L, -1302302105L, -1451474873L, 1158051615L, 
1876661981L, 664696005L, -1494324193L, 1541577355L, -903891889L, 
1458845130L, 1615700349L, -694228298L, 792396267L, 1756099956L, 
-1183163473L, -346573350L, -1560722843L, 1239926564L, 1839478484L, 
1586400406L, 9796747L, -1623563586L, 1673274333L, -330951254L, 
-2018652303L, -937355441L, -1728596801L, -691302525L, -989082298L, 
-1358333024L, 1801123723L, 68717577L, -1088028475L, -965738346L, 
-1915281249L, -959738594L, -2028852213L, -872164633L, -569408600L, 
-1556482525L, -734609308L, -2018159166L, 363881745L, -1000343590L, 
-1991815614L, 533033055L, -112756928L, -1291468038L, -1984017933L, 
2095484351L, 441537350L, 1889340853L, 1225316502L, 1304383581L, 
791439588L, 312769738L, -915614304L, -2078110395L, 422771733L, 
1194723766L, -174447999L, -1343677057L, 952325911L, -1509326153L, 
939224842L, 1498595129L, 817731105L, -2124908812L, -815651134L, 
2071243987L, -928356353L, -131503008L, 1614410838L, -1499253549L, 
1808563178L, 1064650545L, -432878472L, 2081847120L, 304927348L, 
1820201329L, 852063954L, -1620371276L, 630117441L, 404253725L, 
2146057117L, 229435352L, 1442377434L, 642389579L, 42333153L, 
1591993410L, -1118560113L, -556914314L, 985391166L, 844506468L, 
-801065792L, 209664298L, -2146865883L, 2018521225L, 538683504L, 
-1993501565L, 752183439L, -976271179L, -1483712169L, 1213579363L, 
1524141321L, -765108435L, -1568662691L, -1458141653L, 1667122358L, 
-27812885L, 1086034121L, -1441073789L, 210368804L, 1497231464L, 
427528187L, -977012353L, 687277215L, -229535633L, -7143135L, 
2034198359L, 1436377331L, 350009763L, -1600014575L, -1455956797L, 
-1682632126L, -1590853582L, 567463321L, -1413892174L, 1739745460L, 
-923629239L, -352878385L, 448886892L, -652572872L, 2056862880L, 
1506484734L, -1029426303L, 1403749634L, 569718400L, 635692715L, 
-946410666L, -994500119L, 1268377229L, -718810055L, -1237378281L, 
-424542047L, 856432070L, -1237186445L, 697327672L, -1403470627L, 
-421546176L, -314980664L, -1049413912L, 117775466L, 1800933635L, 
